[SUL] [12,83 | 97,19 | 966,93 | 918,40]
[OESTE] [8,20 | 83,32 | 1027,36 | 104,76]
[NORTE] [25,66 | 61,35 | 1012,83 | 484,89]
[LESTE] [-4,09 | 58,11 | 988,30 | 103,14]
[LESTE] [6,33 | 12,29 | 974,15 | 748,42]
[NORTE] [15,15 | 37,29 | 978,48 | 107,04]
[OESTE] [7,13 | 97,75 | 1014,46 | 494,23]
[SUL] [30,80 | 42,35 | 974,32 | 202,96]
[LESTE] [20,28 | 11,89 | 1007,22 | 256,23]
[SUL] [36,04 | 72,73 | 978,31 | 311,66]
[NORTE] [5,06 | 52,85 | 1008,41 | 477,24]
[OESTE] [3,87 | 26,22 | 956,74 | 430,51]
[LESTE] [0,20 | 47,07 | 1024,51 | 647,28]
[SUL] [9,00 | 16,84 | 1003,81 | 261,97]
[NORTE] [16,22 | 64,94 | 1032,08 | 612,95]
[OESTE] [4,32 | 89,18 | 980,39 | 763,89]
[SUL] [6,41 | 96,26 | 1034,75 | 690,11]
[LESTE] [2,24 | 34,93 | 1009,32 | 425,71]
[NORTE] [24,36 | 80,31 | 1007,20 | 454,65]
[OESTE] [14,39 | 82,74 | 1010,93 | 993,95]
[SUL] [-3,42 | 73,47 | 1008,79 | 542,15]
[LESTE] [21,62 | 78,28 | 1019,44 | 988,15]
[NORTE] [20,20 | 64,35 | 1033,51 | 104,64]
[OESTE] [24,01 | 12,54 | 962,74 | 538,24]
[SUL] [3,73 | 68,29 | 996,37 | 109,71]
[NORTE] [20,70 | 95,60 | 1038,40 | 387,62]
[OESTE] [27,86 | 26,90 | 954,45 | 766,66]
[LESTE] [-5,66 | 73,93 | 954,97 | 819,73]
[SUL] [38,17 | 27,39 | 975,34 | 694,40]
[OESTE] [34,34 | 61,22 | 952,39 | 233,24]
[NORTE] [21,49 | 50,70 | 956,18 | 907,02]
[LESTE] [16,93 | 91,09 | 960,73 | 783,11]
[NORTE] [15,80 | 65,87 | 1028,40 | 470,41]
[LESTE] [9,24 | 30,25 | 951,24 | 280,31]
[SUL] [-6,96 | 57,10 | 1018,69 | 788,44]
[OESTE] [-8,84 | 82,52 | 1026,09 | 616,30]
[NORTE] [8,39 | 25,56 | 981,34 | 940,61]
[OESTE] [11,40 | 87,48 | 967,17 | 615,61]
[LESTE] [-5,79 | 73,16 | 999,22 | 733,07]
[SUL] [-7,74 | 27,92 | 1001,33 | 492,80]
[NORTE] [13,93 | 75,02 | 1025,64 | 326,59]
[LESTE] [4,66 | 57,82 | 1027,98 | 568,60]
[SUL] [-5,33 | 49,84 | 983,25 | 115,45]
[OESTE] [-4,16 | 70,15 | 1018,49 | 157,69]
[LESTE] [10,12 | 93,38 | 1013,38 | 166,73]
[NORTE] [1,04 | 90,55 | 1027,98 | 285,86]
[SUL] [3,10 | 48,66 | 1000,76 | 624,37]
[OESTE] [27,28 | 43,35 | 957,10 | 926,40]
[LESTE] [34,20 | 58,46 | 991,78 | 367,83]
[NORTE] [27,07 | 95,42 | 969,04 | 846,61]
[SUL] [23,96 | 12,31 | 1031,34 | 857,25]
[OESTE] [24,67 | 85,31 | 974,99 | 237,23]
[NORTE] [6,78 | 16,78 | 1011,81 | 396,05]
[SUL] [27,05 | 45,91 | 990,19 | 570,49]
[LESTE] [-4,35 | 55,19 | 976,36 | 822,48]
[OESTE] [-2,64 | 49,82 | 952,14 | 625,11]
[SUL] [7,05 | 59,53 | 986,71 | 594,49]
[NORTE] [24,43 | 21,13 | 989,54 | 448,15]
[LESTE] [32,77 | 46,38 | 953,18 | 280,79]
[OESTE] [-2,57 | 81,43 | 1039,66 | 816,17]
[SUL] [4,63 | 87,12 | 1030,27 | 210,12]
[NORTE] [29,45 | 30,91 | 974,49 | 194,85]
[OESTE] [-1,52 | 10,68 | 1006,56 | 139,55]
[LESTE] [25,06 | 51,02 | 1003,49 | 481,28]
[SUL] [14,95 | 77,50 | 1028,10 | 499,35]
[NORTE] [-2,64 | 54,82 | 1044,55 | 227,81]
[LESTE] [8,63 | 90,95 | 1032,82 | 250,59]
[OESTE] [31,20 | 71,42 | 979,53 | 467,58]
[LESTE] [3,27 | 59,61 | 954,47 | 292,36]
[SUL] [10,28 | 69,26 | 993,53 | 386,66]
[LESTE] [18,69 | 71,60 | 962,04 | 788,84]
[NORTE] [13,42 | 93,36 | 1023,29 | 575,24]
[NORTE] [37,48 | 21,29 | 981,38 | 389,41]
[SUL] [15,18 | 87,69 | 1009,48 | 388,02]
[OESTE] [21,25 | 57,39 | 1035,53 | 536,91]
[LESTE] [30,61 | 23,79 | 982,94 | 437,88]
[SUL] [-2,02 | 60,75 | 1010,91 | 947,79]
[LESTE] [38,61 | 59,89 | 1048,65 | 847,16]
[OESTE] [5,94 | 85,02 | 1019,88 | 875,93]
[NORTE] [39,51 | 67,70 | 988,48 | 628,51]
[SUL] [9,10 | 15,83 | 997,11 | 155,74]
[OESTE] [22,35 | 18,35 | 1045,12 | 454,37]
[LESTE] [33,02 | 93,06 | 1044,09 | 123,88]
[NORTE] [4,30 | 97,35 | 995,89 | 423,45]
[OESTE] [7,24 | 50,28 | 996,79 | 219,29]
[NORTE] [35,89 | 54,57 | 984,55 | 976,05]
[SUL] [36,59 | 42,48 | 1010,79 | 767,80]
[OESTE] [20,45 | 66,40 | 980,49 | 533,37]
[LESTE] [29,26 | 21,25 | 1024,44 | 762,57]
[SUL] [-8,35 | 81,24 | 1006,40 | 375,16]
[NORTE] [3,53 | 44,75 | 966,58 | 537,01]
[OESTE] [26,18 | 93,08 | 988,67 | 420,78]
[LESTE] [28,05 | 57,98 | 979,88 | 230,86]
[NORTE] [8,62 | 84,79 | 1001,74 | 183,16]
[SUL] [14,23 | 93,00 | 974,16 | 655,54]
[OESTE] [33,14 | 65,47 | 1037,87 | 542,04]
[NORTE] [14,60 | 71,81 | 992,17 | 833,08]
[OESTE] [13,79 | 40,23 | 990,36 | 513,60]
[LESTE] [31,78 | 75,94 | 993,47 | 587,11]
[SUL] [26,48 | 56,67 | 1027,66 | 739,53]
[NORTE] [4,68 | 43,42 | 958,77 | 508,26]
[NORTE] [26,36 | 53,63 | 977,14 | 108,59]
[SUL] [29,99 | 96,78 | 1011,06 | 209,73]
[LESTE] [33,33 | 15,99 | 1045,30 | 120,92]
[OESTE] [26,56 | 82,40 | 955,97 | 239,65]
[LESTE] [9,11 | 96,03 | 1044,23 | 356,95]
[SUL] [10,41 | 43,70 | 966,46 | 780,15]
[NORTE] [32,28 | 92,44 | 952,50 | 570,48]
[OESTE] [-0,42 | 89,19 | 991,00 | 355,93]
[LESTE] [-8,44 | 47,13 | 1039,46 | 538,81]
[SUL] [4,67 | 22,81 | 956,61 | 763,24]
[NORTE] [3,33 | 62,44 | 981,30 | 127,73]
[SUL] [19,00 | 94,37 | 1042,82 | 881,66]
[OESTE] [12,49 | 42,37 | 1034,07 | 768,47]
[LESTE] [3,65 | 18,48 | 1043,85 | 554,46]
[NORTE] [4,39 | 80,87 | 980,03 | 353,12]
[SUL] [6,69 | 26,17 | 974,81 | 383,46]
[LESTE] [3,03 | 22,96 | 1000,62 | 471,43]
[OESTE] [1,07 | 65,19 | 951,33 | 422,94]
[NORTE] [-1,81 | 36,26 | 964,69 | 376,15]
[SUL] [-3,57 | 40,79 | 1028,24 | 716,65]
[NORTE] [-2,90 | 18,67 | 952,48 | 994,18]
[LESTE] [31,67 | 85,72 | 1010,26 | 796,57]
[OESTE] [39,49 | 23,02 | 1028,52 | 201,82]
[SUL] [9,62 | 16,10 | 977,82 | 120,94]
[LESTE] [17,68 | 22,22 | 964,17 | 435,51]
[NORTE] [-9,45 | 60,98 | 995,76 | 697,59]
[LESTE] [-1,02 | 24,02 | 1028,24 | 332,98]
[SUL] [-7,77 | 40,47 | 1005,28 | 171,75]
[OESTE] [26,73 | 18,95 | 1040,83 | 166,58]
[NORTE] [-9,89 | 96,83 | 996,72 | 411,37]
[SUL] [18,70 | 44,50 | 953,77 | 292,42]
[LESTE] [26,36 | 23,94 | 985,13 | 382,22]
[OESTE] [-2,16 | 36,36 | 965,20 | 226,48]
[SUL] [-5,89 | 57,78 | 956,46 | 405,17]
[NORTE] [4,44 | 48,15 | 1047,26 | 432,58]
[LESTE] [10,01 | 31,66 | 991,77 | 734,33]
[SUL] [-1,56 | 14,32 | 967,74 | 996,00]
[OESTE] [38,61 | 93,28 | 1008,38 | 666,77]
[LESTE] [18,48 | 96,23 | 971,47 | 570,39]
[NORTE] [-7,60 | 55,04 | 987,59 | 763,82]
[OESTE] [9,44 | 25,19 | 964,11 | 499,50]
[LESTE] [23,15 | 63,14 | 1000,83 | 796,56]
[SUL] [-8,88 | 96,93 | 967,90 | 648,44]
[LESTE] [11,36 | 13,50 | 1044,13 | 390,41]
[NORTE] [-1,22 | 56,73 | 997,99 | 109,57]
[OESTE] [25,55 | 53,22 | 1010,44 | 377,63]
[LESTE] [-7,23 | 46,64 | 980,80 | 445,61]
[OESTE] [11,92 | 18,24 | 1004,18 | 985,53]
[SUL] [-0,92 | 23,23 | 981,42 | 451,26]
[NORTE] [30,34 | 95,30 | 978,11 | 303,68]
[SUL] [13,28 | 36,52 | 1047,89 | 800,29]
[OESTE] [29,27 | 63,67 | 1008,18 | 215,34]
[LESTE] [-2,88 | 53,41 | 1011,05 | 475,59]
[NORTE] [-8,03 | 79,98 | 962,45 | 514,54]
[LESTE] [31,50 | 47,69 | 999,53 | 246,17]
[SUL] [-7,36 | 69,96 | 982,20 | 145,33]
[OESTE] [8,03 | 66,70 | 997,09 | 316,46]
[NORTE] [6,28 | 23,16 | 1036,09 | 706,40]
[LESTE] [21,34 | 83,17 | 1022,26 | 611,80]
[SUL] [22,92 | 64,80 | 1023,94 | 436,54]
[NORTE] [9,13 | 65,82 | 950,20 | 636,31]
[OESTE] [10,62 | 40,08 | 1006,82 | 691,07]
[LESTE] [6,32 | 49,55 | 954,46 | 376,72]
[NORTE] [27,77 | 97,28 | 994,91 | 656,07]
[OESTE] [9,84 | 24,36 | 1017,45 | 631,61]
[SUL] [33,36 | 11,51 | 980,57 | 669,78]
[NORTE] [32,08 | 94,25 | 1037,37 | 379,10]
[OESTE] [36,96 | 50,97 | 1008,56 | 799,90]
[NORTE] [23,15 | 79,05 | 994,01 | 415,52]
[SUL] [13,95 | 18,36 | 981,76 | 111,76]
[OESTE] [23,36 | 36,52 | 970,79 | 563,01]
[SUL] [14,17 | 30,91 | 1013,55 | 569,50]
[OESTE] [25,93 | 75,13 | 956,91 | 248,41]
[LESTE] [2,31 | 72,00 | 955,23 | 559,14]
[NORTE] [-2,91 | 30,25 | 955,63 | 479,18]
[OESTE] [-3,12 | 88,24 | 957,44 | 745,55]
[SUL] [-6,01 | 68,71 | 1010,54 | 344,51]
[LESTE] [-8,32 | 67,75 | 963,99 | 413,48]
[OESTE] [20,62 | 70,34 | 1017,94 | 629,10]
[NORTE] [14,27 | 71,95 | 1038,22 | 161,74]
[SUL] [22,84 | 74,93 | 1047,53 | 738,72]
[LESTE] [9,50 | 46,71 | 973,85 | 988,72]
[SUL] [17,06 | 60,42 | 1031,31 | 410,15]
[OESTE] [-9,48 | 62,07 | 972,54 | 656,04]
[NORTE] [-8,70 | 60,84 | 971,29 | 897,34]
[SUL] [34,55 | 21,09 | 1038,58 | 600,86]
[LESTE] [14,63 | 13,28 | 981,81 | 289,38]
[SUL] [3,50 | 91,92 | 1008,79 | 541,74]
[NORTE] [33,49 | 12,32 | 1039,56 | 495,71]
[OESTE] [10,29 | 70,72 | 956,80 | 105,36]
[OESTE] [-4,38 | 50,09 | 1035,45 | 266,20]
[NORTE] [-1,01 | 34,69 | 1013,82 | 509,60]
[SUL] [3,05 | 46,71 | 972,46 | 441,87]
[OESTE] [11,92 | 35,71 | 967,11 | 828,49]
[LESTE] [-7,00 | 10,44 | 1005,41 | 987,01]
[NORTE] [7,53 | 55,60 | 965,28 | 915,56]
[SUL] [13,13 | 40,22 | 1049,74 | 818,33]
[OESTE] [-5,53 | 53,74 | 971,17 | 175,55]
[NORTE] [8,53 | 26,19 | 987,05 | 325,05]
[LESTE] [13,88 | 97,75 | 990,16 | 414,23]
[LESTE] [10,25 | 79,80 | 1010,64 | 118,43]
[SUL] [19,22 | 98,85 | 1009,18 | 636,38]
[NORTE] [31,98 | 21,01 | 975,95 | 221,61]
[OESTE] [27,54 | 87,21 | 1040,66 | 548,85]
[LESTE] [-8,63 | 78,57 | 985,69 | 486,81]
[NORTE] [38,92 | 31,61 | 1032,04 | 800,58]
[SUL] [-3,89 | 45,96 | 999,03 | 948,82]
[OESTE] [12,98 | 89,93 | 992,79 | 224,70]
[LESTE] [25,42 | 84,15 | 1020,96 | 528,45]
[NORTE] [24,16 | 79,58 | 976,57 | 228,13]
[SUL] [23,97 | 98,80 | 991,82 | 866,46]
[LESTE] [19,40 | 61,85 | 996,69 | 235,80]
[OESTE] [35,38 | 98,42 | 1030,75 | 222,35]
[NORTE] [37,21 | 75,82 | 1033,07 | 767,68]
[LESTE] [-9,04 | 15,29 | 984,79 | 657,45]
[SUL] [15,13 | 54,43 | 1024,67 | 250,99]
[NORTE] [10,33 | 44,23 | 1038,04 | 108,76]
[LESTE] [10,13 | 17,31 | 950,35 | 257,37]
[OESTE] [35,21 | 96,37 | 1010,31 | 340,12]
[SUL] [-2,21 | 84,09 | 987,75 | 348,28]
[NORTE] [-7,83 | 55,08 | 953,34 | 809,76]
[LESTE] [12,51 | 35,16 | 1014,86 | 502,61]
[SUL] [19,78 | 51,92 | 1037,30 | 408,85]
[OESTE] [33,78 | 30,78 | 1040,00 | 661,98]
[NORTE] [-9,80 | 63,46 | 1017,08 | 432,00]
[SUL] [21,35 | 57,55 | 962,76 | 719,22]
[LESTE] [35,60 | 61,20 | 969,15 | 275,45]
[OESTE] [11,22 | 61,60 | 963,08 | 615,84]
[NORTE] [3,82 | 92,92 | 953,70 | 194,79]
[LESTE] [-2,40 | 76,35 | 953,22 | 676,60]
[SUL] [-5,23 | 90,02 | 956,65 | 740,26]
[OESTE] [19,85 | 88,92 | 997,26 | 818,67]
[LESTE] [27,87 | 23,49 | 957,14 | 847,97]
[OESTE] [-6,61 | 52,12 | 985,38 | 698,27]
[SUL] [3,90 | 97,88 | 1022,71 | 938,47]
[NORTE] [35,97 | 37,64 | 1045,46 | 636,97]
[OESTE] [29,48 | 30,34 | 1018,98 | 798,69]
[SUL] [6,62 | 67,81 | 1030,93 | 675,93]
[NORTE] [4,02 | 49,00 | 1002,23 | 708,39]
[LESTE] [-3,36 | 43,86 | 971,63 | 736,46]
[OESTE] [25,21 | 17,29 | 1035,66 | 922,98]
[SUL] [33,92 | 71,37 | 989,70 | 108,31]
[NORTE] [10,78 | 20,26 | 974,55 | 186,20]
[LESTE] [23,16 | 56,10 | 969,13 | 315,51]
[OESTE] [-8,46 | 14,13 | 955,59 | 885,64]
[NORTE] [33,25 | 20,92 | 960,13 | 409,24]
[LESTE] [-8,31 | 67,09 | 1017,93 | 649,24]
[SUL] [33,52 | 54,93 | 992,48 | 697,71]
[LESTE] [17,45 | 92,57 | 1038,09 | 315,50]
[SUL] [27,98 | 35,24 | 1021,90 | 136,53]
[OESTE] [4,17 | 10,81 | 973,60 | 977,52]
[NORTE] [-5,25 | 21,58 | 1033,09 | 676,01]
[LESTE] [33,29 | 74,86 | 1040,31 | 298,83]
[NORTE] [12,93 | 60,48 | 986,84 | 561,41]
[LESTE] [24,10 | 39,55 | 960,75 | 436,82]
[SUL] [-1,17 | 74,43 | 998,81 | 969,78]
[OESTE] [12,90 | 59,93 | 971,31 | 666,33]
[LESTE] [32,37 | 70,57 | 957,59 | 800,79]
[OESTE] [23,64 | 27,19 | 1021,31 | 946,71]
[NORTE] [13,19 | 53,57 | 1004,63 | 694,45]
[SUL] [16,80 | 29,94 | 982,25 | 323,22]
[LESTE] [9,50 | 31,82 | 983,52 | 593,63]
[LESTE] [12,97 | 13,03 | 997,32 | 653,54]
[SUL] [39,94 | 14,41 | 1018,94 | 567,05]
[NORTE] [13,57 | 25,35 | 956,27 | 624,51]
[OESTE] [27,69 | 54,36 | 1032,59 | 212,15]
[LESTE] [9,86 | 65,84 | 1037,07 | 386,07]
[SUL] [14,87 | 43,76 | 1040,15 | 254,50]
[NORTE] [36,55 | 89,55 | 1011,61 | 346,73]
[LESTE] [35,45 | 66,05 | 1044,43 | 551,50]
[OESTE] [35,76 | 24,48 | 1037,31 | 925,70]
[SUL] [-7,42 | 70,84 | 1029,40 | 651,14]
[NORTE] [17,34 | 13,75 | 952,97 | 478,02]
[LESTE] [5,55 | 50,88 | 974,87 | 517,18]
[OESTE] [16,50 | 97,11 | 1044,91 | 122,95]
[LESTE] [15,15 | 59,74 | 959,91 | 223,39]
[SUL] [-4,75 | 23,32 | 951,59 | 268,88]
[NORTE] [2,12 | 93,53 | 1038,31 | 755,14]
[SUL] [27,66 | 46,42 | 1012,48 | 787,74]
[LESTE] [-1,55 | 71,25 | 959,93 | 709,45]
[OESTE] [28,83 | 72,98 | 1045,70 | 968,90]
[NORTE] [-5,62 | 73,40 | 958,45 | 496,92]
[NORTE] [11,74 | 35,14 | 1032,89 | 430,38]
[OESTE] [4,07 | 39,30 | 955,80 | 632,21]
[LESTE] [25,39 | 51,75 | 991,93 | 714,63]
[SUL] [4,25 | 49,92 | 1032,01 | 463,39]
[SUL] [13,81 | 69,17 | 1022,56 | 237,93]
[SUL] [-5,02 | 96,68 | 1005,05 | 416,98]
[NORTE] [-6,01 | 83,16 | 960,03 | 360,80]
[OESTE] [36,94 | 26,74 | 969,18 | 314,12]
[LESTE] [-6,41 | 40,59 | 988,89 | 812,83]
[LESTE] [39,53 | 72,10 | 958,10 | 737,42]
[NORTE] [27,68 | 13,05 | 1024,97 | 978,87]
[SUL] [21,16 | 34,53 | 988,11 | 238,54]
[OESTE] [32,42 | 92,74 | 1007,80 | 601,20]
[NORTE] [8,27 | 98,12 | 1003,26 | 155,09]
[LESTE] [-5,13 | 21,51 | 1034,33 | 379,59]
[SUL] [34,91 | 13,23 | 959,22 | 920,12]
[OESTE] [19,88 | 85,61 | 952,39 | 617,52]
[NORTE] [34,19 | 35,78 | 963,58 | 734,46]
[LESTE] [35,64 | 74,71 | 999,45 | 510,13]
[OESTE] [32,67 | 49,26 | 1047,93 | 291,14]
[SUL] [-4,71 | 92,96 | 1020,49 | 701,35]
[SUL] [23,42 | 70,97 | 1022,43 | 309,60]
[NORTE] [9,24 | 93,42 | 1045,94 | 968,59]
[OESTE] [-0,67 | 33,96 | 979,69 | 114,61]
[OESTE] [-0,67 | 33,96 | 979,69 | 114,61]
[SUL] [-1,87 | 62,69 | 954,32 | 981,67]
[NORTE] [4,83 | 20,16 | 994,16 | 736,29]
[LESTE] [-0,64 | 25,69 | 999,43 | 653,12]
[OESTE] [5,36 | 42,46 | 1017,10 | 783,91]
[OESTE] [36,48 | 50,40 | 1007,82 | 164,63]
[NORTE] [13,88 | 49,42 | 1019,86 | 890,74]
[LESTE] [18,90 | 62,94 | 986,00 | 298,09]
[OESTE] [-3,63 | 45,44 | 954,89 | 395,38]
[LESTE] [26,32 | 10,55 | 956,97 | 448,72]
[NORTE] [9,03 | 61,74 | 969,16 | 939,33]
[SUL] [39,80 | 87,03 | 1026,50 | 970,71]
[OESTE] [26,51 | 81,50 | 986,07 | 867,40]
[NORTE] [6,02 | 82,43 | 967,10 | 155,58]
[OESTE] [-5,74 | 51,43 | 981,84 | 435,48]
[SUL] [17,48 | 21,73 | 1043,17 | 185,55]
[LESTE] [13,35 | 30,76 | 1033,05 | 679,03]
[LESTE] [8,86 | 35,24 | 1018,73 | 151,03]
[OESTE] [-8,85 | 69,20 | 993,34 | 642,41]
[NORTE] [37,75 | 62,45 | 1023,76 | 924,05]
[SUL] [33,79 | 79,57 | 1003,56 | 160,76]
[OESTE] [5,02 | 39,15 | 1047,64 | 930,11]
[LESTE] [-1,71 | 39,54 | 981,25 | 841,02]
[LESTE] [-1,71 | 39,54 | 981,25 | 841,02]
[OESTE] [5,02 | 39,15 | 1047,64 | 930,11]
[NORTE] [6,07 | 48,19 | 966,86 | 404,59]
[LESTE] [-5,93 | 56,24 | 977,78 | 251,89]
[SUL] [20,22 | 83,31 | 951,43 | 197,89]
[OESTE] [36,13 | 34,58 | 1028,49 | 208,84]
[SUL] [34,95 | 48,73 | 1002,43 | 235,53]
[NORTE] [-1,47 | 74,86 | 971,65 | 439,98]
[OESTE] [35,10 | 69,15 | 1003,78 | 939,77]
[LESTE] [25,60 | 88,34 | 1009,82 | 542,19]
[SUL] [18,57 | 97,42 | 1023,25 | 901,70]
[LESTE] [32,71 | 18,81 | 1026,57 | 284,95]
[OESTE] [6,59 | 88,83 | 1038,63 | 531,18]
[NORTE] [39,43 | 20,32 | 974,66 | 971,74]
[SUL] [22,30 | 99,58 | 1029,34 | 951,45]
[NORTE] [36,24 | 34,02 | 991,64 | 538,74]
[LESTE] [34,90 | 18,11 | 1002,46 | 748,30]
[OESTE] [-4,99 | 17,78 | 1045,53 | 590,21]
[NORTE] [7,71 | 81,18 | 950,68 | 965,09]
[LESTE] [20,56 | 73,38 | 984,63 | 654,57]
[OESTE] [29,03 | 32,96 | 1049,26 | 771,99]
[NORTE] [1,96 | 59,13 | 958,08 | 575,06]
[SUL] [15,74 | 83,09 | 981,80 | 485,64]
[OESTE] [24,55 | 75,05 | 1025,74 | 515,69]
[LESTE] [23,94 | 37,79 | 1030,27 | 570,42]
[NORTE] [2,32 | 43,70 | 964,55 | 595,52]
[OESTE] [37,43 | 34,00 | 1006,99 | 639,01]
[LESTE] [12,86 | 14,19 | 966,74 | 286,74]
[SUL] [34,48 | 41,66 | 977,92 | 360,45]
[OESTE] [35,52 | 81,97 | 1016,39 | 261,43]
[SUL] [15,71 | 68,66 | 1007,98 | 156,08]
[LESTE] [31,32 | 59,17 | 982,55 | 245,58]
[NORTE] [7,68 | 96,28 | 1023,66 | 920,17]
[SUL] [-1,12 | 18,95 | 1002,09 | 906,97]
[OESTE] [25,26 | 83,20 | 976,14 | 550,38]
[SUL] [3,17 | 45,82 | 1020,30 | 728,83]
[NORTE] [3,42 | 16,03 | 1018,65 | 535,81]
[LESTE] [22,17 | 60,86 | 1041,20 | 672,17]
[OESTE] [4,40 | 73,80 | 969,66 | 184,44]
[NORTE] [17,82 | 95,91 | 978,48 | 271,59]
[SUL] [24,75 | 54,24 | 986,23 | 187,90]
[LESTE] [8,78 | 63,28 | 981,46 | 380,59]
[NORTE] [21,86 | 31,63 | 1044,64 | 691,27]
[OESTE] [-5,92 | 63,83 | 968,13 | 898,59]
[SUL] [19,11 | 32,49 | 986,36 | 866,15]
[SUL] [3,93 | 82,64 | 1023,29 | 468,17]
[OESTE] [29,51 | 37,39 | 1024,68 | 135,24]
[NORTE] [13,88 | 94,62 | 1033,50 | 781,42]
[LESTE] [8,68 | 31,30 | 971,49 | 676,32]
[SUL] [15,07 | 22,09 | 951,72 | 410,58]
[NORTE] [18,10 | 57,11 | 1047,23 | 205,22]
[OESTE] [10,30 | 83,74 | 1036,59 | 830,22]
[LESTE] [28,18 | 97,56 | 980,72 | 848,46]
[SUL] [-1,87 | 62,14 | 953,83 | 117,72]
[NORTE] [26,62 | 50,30 | 991,11 | 147,82]
[SUL] [28,47 | 16,00 | 1049,71 | 982,20]
[OESTE] [9,27 | 56,00 | 1025,78 | 139,91]
[LESTE] [22,24 | 40,89 | 1047,15 | 599,47]
[NORTE] [-6,23 | 79,09 | 1017,58 | 543,09]
[LESTE] [30,62 | 79,56 | 960,00 | 339,80]
[OESTE] [24,92 | 65,59 | 968,24 | 251,63]
[SUL] [21,00 | 31,90 | 989,21 | 323,46]
[LESTE] [26,87 | 34,89 | 984,41 | 157,98]
[NORTE] [36,45 | 72,66 | 956,57 | 996,11]
[OESTE] [21,80 | 60,14 | 1025,21 | 537,25]
[SUL] [27,78 | 30,36 | 1040,89 | 530,88]
[NORTE] [33,99 | 95,67 | 1008,55 | 459,41]
[SUL] [11,78 | 95,65 | 965,86 | 745,65]
[OESTE] [17,57 | 85,94 | 974,05 | 402,22]
[NORTE] [4,30 | 46,66 | 963,96 | 882,56]
[LESTE] [-4,21 | 50,46 | 950,56 | 228,93]
[LESTE] [31,27 | 60,57 | 993,71 | 745,38]
[SUL] [32,32 | 13,54 | 1045,10 | 268,00]
[OESTE] [-6,95 | 16,25 | 984,03 | 565,56]
[NORTE] [-2,43 | 70,04 | 950,59 | 412,34]
[LESTE] [29,07 | 30,21 | 959,42 | 753,23]
[SUL] [39,88 | 16,91 | 966,48 | 266,10]
[OESTE] [34,29 | 79,74 | 1005,00 | 555,39]
[LESTE] [30,54 | 29,34 | 976,07 | 591,25]
[SUL] [-0,67 | 54,94 | 952,72 | 578,09]
[OESTE] [-1,90 | 65,10 | 1006,27 | 469,65]
[NORTE] [16,67 | 76,24 | 956,54 | 819,19]
[SUL] [15,88 | 39,20 | 1003,54 | 191,35]
