[OESTE] [35,52 | 81,97 | 1016,39 | 261,43]
[OESTE] [35,52 | 81,97 | 1016,39 | 261,43]
[SUL] [15,71 | 68,66 | 1007,98 | 156,08]
[SUL] [15,71 | 68,66 | 1007,98 | 156,08]
[LESTE] [31,32 | 59,17 | 982,55 | 245,58]
[LESTE] [31,32 | 59,17 | 982,55 | 245,58]
[NORTE] [7,68 | 96,28 | 1023,66 | 920,17]
[NORTE] [7,68 | 96,28 | 1023,66 | 920,17]
[SUL] [-1,12 | 18,95 | 1002,09 | 906,97]
[SUL] [-1,12 | 18,95 | 1002,09 | 906,97]
[OESTE] [25,26 | 83,20 | 976,14 | 550,38]
[OESTE] [25,26 | 83,20 | 976,14 | 550,38]
[SUL] [3,17 | 45,82 | 1020,30 | 728,83]
[SUL] [3,17 | 45,82 | 1020,30 | 728,83]
[NORTE] [3,42 | 16,03 | 1018,65 | 535,81]
[NORTE] [3,42 | 16,03 | 1018,65 | 535,81]
[LESTE] [22,17 | 60,86 | 1041,20 | 672,17]
[LESTE] [22,17 | 60,86 | 1041,20 | 672,17]
[OESTE] [4,40 | 73,80 | 969,66 | 184,44]
[OESTE] [4,40 | 73,80 | 969,66 | 184,44]
[NORTE] [17,82 | 95,91 | 978,48 | 271,59]
[NORTE] [17,82 | 95,91 | 978,48 | 271,59]
[SUL] [24,75 | 54,24 | 986,23 | 187,90]
[SUL] [24,75 | 54,24 | 986,23 | 187,90]
[LESTE] [8,78 | 63,28 | 981,46 | 380,59]
[LESTE] [8,78 | 63,28 | 981,46 | 380,59]
[NORTE] [21,86 | 31,63 | 1044,64 | 691,27]
[NORTE] [21,86 | 31,63 | 1044,64 | 691,27]
[OESTE] [-5,92 | 63,83 | 968,13 | 898,59]
[OESTE] [-5,92 | 63,83 | 968,13 | 898,59]
[SUL] [19,11 | 32,49 | 986,36 | 866,15]
[SUL] [19,11 | 32,49 | 986,36 | 866,15]
[SUL] [3,93 | 82,64 | 1023,29 | 468,17]
[SUL] [3,93 | 82,64 | 1023,29 | 468,17]
[OESTE] [29,51 | 37,39 | 1024,68 | 135,24]
[OESTE] [29,51 | 37,39 | 1024,68 | 135,24]
[NORTE] [13,88 | 94,62 | 1033,50 | 781,42]
[NORTE] [13,88 | 94,62 | 1033,50 | 781,42]
[LESTE] [8,68 | 31,30 | 971,49 | 676,32]
[LESTE] [8,68 | 31,30 | 971,49 | 676,32]
[SUL] [15,07 | 22,09 | 951,72 | 410,58]
[SUL] [15,07 | 22,09 | 951,72 | 410,58]
[NORTE] [18,10 | 57,11 | 1047,23 | 205,22]
[NORTE] [18,10 | 57,11 | 1047,23 | 205,22]
[OESTE] [10,30 | 83,74 | 1036,59 | 830,22]
[OESTE] [10,30 | 83,74 | 1036,59 | 830,22]
[LESTE] [28,18 | 97,56 | 980,72 | 848,46]
[LESTE] [28,18 | 97,56 | 980,72 | 848,46]
[SUL] [-1,87 | 62,14 | 953,83 | 117,72]
[SUL] [-1,87 | 62,14 | 953,83 | 117,72]
[NORTE] [26,62 | 50,30 | 991,11 | 147,82]
[SUL] [28,47 | 16,00 | 1049,71 | 982,20]
[OESTE] [9,27 | 56,00 | 1025,78 | 139,91]
[LESTE] [22,24 | 40,89 | 1047,15 | 599,47]
[NORTE] [-6,23 | 79,09 | 1017,58 | 543,09]
[LESTE] [30,62 | 79,56 | 960,00 | 339,80]
[OESTE] [24,92 | 65,59 | 968,24 | 251,63]
[SUL] [21,00 | 31,90 | 989,21 | 323,46]
[LESTE] [26,87 | 34,89 | 984,41 | 157,98]
[NORTE] [36,45 | 72,66 | 956,57 | 996,11]
[OESTE] [21,80 | 60,14 | 1025,21 | 537,25]
[SUL] [27,78 | 30,36 | 1040,89 | 530,88]
[NORTE] [33,99 | 95,67 | 1008,55 | 459,41]
[SUL] [11,78 | 95,65 | 965,86 | 745,65]
[OESTE] [17,57 | 85,94 | 974,05 | 402,22]
[NORTE] [4,30 | 46,66 | 963,96 | 882,56]
[LESTE] [-4,21 | 50,46 | 950,56 | 228,93]
[LESTE] [31,27 | 60,57 | 993,71 | 745,38]
[SUL] [32,32 | 13,54 | 1045,10 | 268,00]
[OESTE] [-6,95 | 16,25 | 984,03 | 565,56]
[NORTE] [-2,43 | 70,04 | 950,59 | 412,34]
[LESTE] [29,07 | 30,21 | 959,42 | 753,23]
[SUL] [39,88 | 16,91 | 966,48 | 266,10]
[OESTE] [34,29 | 79,74 | 1005,00 | 555,39]
[LESTE] [30,54 | 29,34 | 976,07 | 591,25]
[SUL] [-0,67 | 54,94 | 952,72 | 578,09]
[OESTE] [-1,90 | 65,10 | 1006,27 | 469,65]
[NORTE] [16,67 | 76,24 | 956,54 | 819,19]
[SUL] [15,88 | 39,20 | 1003,54 | 191,35]
[LESTE] [30,31 | 30,57 | 966,22 | 559,68]
[SUL] [13,77 | 20,54 | 994,52 | 883,24]
[OESTE] [-6,78 | 43,00 | 1012,38 | 667,05]
[NORTE] [16,12 | 48,93 | 965,33 | 192,92]
