[SUL] [15,58 | 26,31 | 957,52 | 450,31]
[NORTE] [-0,50 | 42,67 | 1040,10 | 767,34]
[LESTE] [38,77 | 61,47 | 1003,52 | 166,76]
[OESTE] [26,83 | 80,67 | 1031,23 | 710,93]
[LESTE] [-0,95 | 62,61 | 1002,88 | 256,71]
[SUL] [13,24 | 51,47 | 991,13 | 731,47]
[OESTE] [-1,13 | 62,94 | 1036,86 | 362,83]
[NORTE] [23,81 | 70,72 | 961,08 | 916,96]
[OESTE] [4,18 | 61,28 | 987,10 | 182,66]
[SUL] [25,15 | 65,48 | 1026,68 | 498,67]
[LESTE] [-0,02 | 39,15 | 974,90 | 752,24]
[NORTE] [-4,57 | 51,93 | 1047,70 | 438,44]
[LESTE] [37,16 | 11,67 | 986,13 | 680,18]
[OESTE] [14,82 | 66,99 | 1021,77 | 449,26]
[SUL] [33,88 | 22,14 | 1009,98 | 146,93]
[LESTE] [-8,42 | 45,45 | 1020,35 | 961,73]
[OESTE] [11,04 | 16,71 | 987,27 | 391,34]
[SUL] [30,22 | 56,49 | 988,96 | 214,67]
[NORTE] [31,40 | 64,32 | 1034,78 | 255,09]
[LESTE] [15,58 | 13,20 | 1043,13 | 579,92]
[OESTE] [17,34 | 65,49 | 986,27 | 107,07]
[SUL] [4,06 | 58,61 | 979,18 | 199,95]
[LESTE] [27,04 | 61,38 | 1006,36 | 466,41]
[SUL] [12,55 | 81,53 | 1016,19 | 538,38]
[NORTE] [12,05 | 60,86 | 966,14 | 804,51]
[LESTE] [12,76 | 39,36 | 1037,03 | 461,93]
[OESTE] [-3,74 | 12,73 | 981,23 | 262,72]
[NORTE] [-6,64 | 53,09 | 950,66 | 758,68]
[OESTE] [22,81 | 28,00 | 1001,76 | 728,68]
[LESTE] [30,60 | 63,03 | 1001,37 | 378,49]
[LESTE] [11,36 | 13,50 | 1044,13 | 390,41]
[NORTE] [-1,22 | 56,73 | 997,99 | 109,57]
[OESTE] [25,55 | 53,22 | 1010,44 | 377,63]
[SUL] [30,56 | 26,29 | 1041,30 | 522,97]
[OESTE] [-2,46 | 26,78 | 993,79 | 535,79]
[SUL] [33,68 | 34,33 | 982,71 | 277,97]
[LESTE] [-7,23 | 46,64 | 980,80 | 445,61]
[OESTE] [11,92 | 18,24 | 1004,18 | 985,53]
[SUL] [-0,92 | 23,23 | 981,42 | 451,26]
[NORTE] [30,34 | 95,30 | 978,11 | 303,68]
[SUL] [13,28 | 36,52 | 1047,89 | 800,29]
[OESTE] [29,27 | 63,67 | 1008,18 | 215,34]
[LESTE] [-2,88 | 53,41 | 1011,05 | 475,59]
[NORTE] [-8,03 | 79,98 | 962,45 | 514,54]
[LESTE] [31,50 | 47,69 | 999,53 | 246,17]
[SUL] [-7,36 | 69,96 | 982,20 | 145,33]
[OESTE] [8,03 | 66,70 | 997,09 | 316,46]
[NORTE] [6,28 | 23,16 | 1036,09 | 706,40]
[LESTE] [21,34 | 83,17 | 1022,26 | 611,80]
[SUL] [22,92 | 64,80 | 1023,94 | 436,54]
[NORTE] [9,13 | 65,82 | 950,20 | 636,31]
[OESTE] [10,62 | 40,08 | 1006,82 | 691,07]
[LESTE] [6,32 | 49,55 | 954,46 | 376,72]
[OESTE] [17,80 | 21,56 | 982,90 | 190,12]
[NORTE] [27,77 | 97,28 | 994,91 | 656,07]
[OESTE] [9,84 | 24,36 | 1017,45 | 631,61]
[SUL] [33,36 | 11,51 | 980,57 | 669,78]
[NORTE] [32,08 | 94,25 | 1037,37 | 379,10]
[OESTE] [36,96 | 50,97 | 1008,56 | 799,90]
[NORTE] [23,15 | 79,05 | 994,01 | 415,52]
[SUL] [13,95 | 18,36 | 981,76 | 111,76]
[OESTE] [23,36 | 36,52 | 970,79 | 563,01]
[SUL] [14,17 | 30,91 | 1013,55 | 569,50]
[OESTE] [25,93 | 75,13 | 956,91 | 248,41]
[LESTE] [2,31 | 72,00 | 955,23 | 559,14]
[NORTE] [-2,91 | 30,25 | 955,63 | 479,18]
[OESTE] [-3,12 | 88,24 | 957,44 | 745,55]
[SUL] [-6,01 | 68,71 | 1010,54 | 344,51]
[LESTE] [-8,32 | 67,75 | 963,99 | 413,48]
[OESTE] [20,62 | 70,34 | 1017,94 | 629,10]
[NORTE] [14,27 | 71,95 | 1038,22 | 161,74]
[SUL] [22,84 | 74,93 | 1047,53 | 738,72]
[LESTE] [9,50 | 46,71 | 973,85 | 988,72]
[SUL] [17,06 | 60,42 | 1031,31 | 410,15]
[OESTE] [-9,48 | 62,07 | 972,54 | 656,04]
[NORTE] [-8,70 | 60,84 | 971,29 | 897,34]
[SUL] [34,55 | 21,09 | 1038,58 | 600,86]
[LESTE] [14,63 | 13,28 | 981,81 | 289,38]
[SUL] [3,50 | 91,92 | 1008,79 | 541,74]
[NORTE] [33,49 | 12,32 | 1039,56 | 495,71]
[OESTE] [10,29 | 70,72 | 956,80 | 105,36]
[OESTE] [-4,38 | 50,09 | 1035,45 | 266,20]
[NORTE] [-1,01 | 34,69 | 1013,82 | 509,60]
[SUL] [3,05 | 46,71 | 972,46 | 441,87]
[OESTE] [11,92 | 35,71 | 967,11 | 828,49]
[LESTE] [-7,00 | 10,44 | 1005,41 | 987,01]
[NORTE] [7,53 | 55,60 | 965,28 | 915,56]
[SUL] [13,13 | 40,22 | 1049,74 | 818,33]
[OESTE] [-5,53 | 53,74 | 971,17 | 175,55]
[NORTE] [8,53 | 26,19 | 987,05 | 325,05]
[LESTE] [13,88 | 97,75 | 990,16 | 414,23]
[LESTE] [10,25 | 79,80 | 1010,64 | 118,43]
[SUL] [19,22 | 98,85 | 1009,18 | 636,38]
[NORTE] [31,98 | 21,01 | 975,95 | 221,61]
[OESTE] [27,54 | 87,21 | 1040,66 | 548,85]
[LESTE] [-8,63 | 78,57 | 985,69 | 486,81]
[NORTE] [38,92 | 31,61 | 1032,04 | 800,58]
[SUL] [-3,89 | 45,96 | 999,03 | 948,82]
[OESTE] [12,98 | 89,93 | 992,79 | 224,70]
[LESTE] [25,42 | 84,15 | 1020,96 | 528,45]
[NORTE] [24,16 | 79,58 | 976,57 | 228,13]
[SUL] [23,97 | 98,80 | 991,82 | 866,46]
[LESTE] [19,40 | 61,85 | 996,69 | 235,80]
[OESTE] [35,38 | 98,42 | 1030,75 | 222,35]
[NORTE] [37,21 | 75,82 | 1033,07 | 767,68]
[LESTE] [-9,04 | 15,29 | 984,79 | 657,45]
[SUL] [15,13 | 54,43 | 1024,67 | 250,99]
[NORTE] [10,33 | 44,23 | 1038,04 | 108,76]
[LESTE] [10,13 | 17,31 | 950,35 | 257,37]
[OESTE] [35,21 | 96,37 | 1010,31 | 340,12]
[SUL] [-2,21 | 84,09 | 987,75 | 348,28]
[NORTE] [-7,83 | 55,08 | 953,34 | 809,76]
[LESTE] [12,51 | 35,16 | 1014,86 | 502,61]
[SUL] [19,78 | 51,92 | 1037,30 | 408,85]
[OESTE] [33,78 | 30,78 | 1040,00 | 661,98]
[NORTE] [-9,80 | 63,46 | 1017,08 | 432,00]
[SUL] [21,35 | 57,55 | 962,76 | 719,22]
[LESTE] [35,60 | 61,20 | 969,15 | 275,45]
[OESTE] [11,22 | 61,60 | 963,08 | 615,84]
[NORTE] [3,82 | 92,92 | 953,70 | 194,79]
[LESTE] [-2,40 | 76,35 | 953,22 | 676,60]
[SUL] [-5,23 | 90,02 | 956,65 | 740,26]
[OESTE] [19,85 | 88,92 | 997,26 | 818,67]
[LESTE] [27,87 | 23,49 | 957,14 | 847,97]
[OESTE] [-6,61 | 52,12 | 985,38 | 698,27]
[SUL] [3,90 | 97,88 | 1022,71 | 938,47]
[NORTE] [35,97 | 37,64 | 1045,46 | 636,97]
[OESTE] [29,48 | 30,34 | 1018,98 | 798,69]
[SUL] [6,62 | 67,81 | 1030,93 | 675,93]
[NORTE] [4,02 | 49,00 | 1002,23 | 708,39]
[LESTE] [-3,36 | 43,86 | 971,63 | 736,46]
[OESTE] [25,21 | 17,29 | 1035,66 | 922,98]
[SUL] [33,92 | 71,37 | 989,70 | 108,31]
[NORTE] [10,78 | 20,26 | 974,55 | 186,20]
[LESTE] [23,16 | 56,10 | 969,13 | 315,51]
[OESTE] [-8,46 | 14,13 | 955,59 | 885,64]
[NORTE] [33,25 | 20,92 | 960,13 | 409,24]
[LESTE] [-8,31 | 67,09 | 1017,93 | 649,24]
[SUL] [33,52 | 54,93 | 992,48 | 697,71]
[LESTE] [17,45 | 92,57 | 1038,09 | 315,50]
[SUL] [27,98 | 35,24 | 1021,90 | 136,53]
[OESTE] [4,17 | 10,81 | 973,60 | 977,52]
[NORTE] [-5,25 | 21,58 | 1033,09 | 676,01]
[LESTE] [33,29 | 74,86 | 1040,31 | 298,83]
[NORTE] [12,93 | 60,48 | 986,84 | 561,41]
[LESTE] [24,10 | 39,55 | 960,75 | 436,82]
[SUL] [-1,17 | 74,43 | 998,81 | 969,78]
[OESTE] [12,90 | 59,93 | 971,31 | 666,33]
[LESTE] [32,37 | 70,57 | 957,59 | 800,79]
[OESTE] [23,64 | 27,19 | 1021,31 | 946,71]
[NORTE] [13,19 | 53,57 | 1004,63 | 694,45]
[SUL] [16,80 | 29,94 | 982,25 | 323,22]
[LESTE] [9,50 | 31,82 | 983,52 | 593,63]
[LESTE] [12,97 | 13,03 | 997,32 | 653,54]
[SUL] [39,94 | 14,41 | 1018,94 | 567,05]
[NORTE] [13,57 | 25,35 | 956,27 | 624,51]
[OESTE] [27,69 | 54,36 | 1032,59 | 212,15]
[LESTE] [9,86 | 65,84 | 1037,07 | 386,07]
[SUL] [14,87 | 43,76 | 1040,15 | 254,50]
[NORTE] [36,55 | 89,55 | 1011,61 | 346,73]
[LESTE] [35,45 | 66,05 | 1044,43 | 551,50]
[OESTE] [35,76 | 24,48 | 1037,31 | 925,70]
[SUL] [-7,42 | 70,84 | 1029,40 | 651,14]
[NORTE] [17,34 | 13,75 | 952,97 | 478,02]
[LESTE] [5,55 | 50,88 | 974,87 | 517,18]
[OESTE] [16,50 | 97,11 | 1044,91 | 122,95]
[LESTE] [15,15 | 59,74 | 959,91 | 223,39]
[SUL] [-4,75 | 23,32 | 951,59 | 268,88]
[NORTE] [2,12 | 93,53 | 1038,31 | 755,14]
[SUL] [27,66 | 46,42 | 1012,48 | 787,74]
[LESTE] [-1,55 | 71,25 | 959,93 | 709,45]
[OESTE] [28,83 | 72,98 | 1045,70 | 968,90]
[NORTE] [-5,62 | 73,40 | 958,45 | 496,92]
[NORTE] [11,74 | 35,14 | 1032,89 | 430,38]
[OESTE] [4,07 | 39,30 | 955,80 | 632,21]
[LESTE] [25,39 | 51,75 | 991,93 | 714,63]
[SUL] [4,25 | 49,92 | 1032,01 | 463,39]
[SUL] [13,81 | 69,17 | 1022,56 | 237,93]
[NORTE] [-7,86 | 71,07 | 998,68 | 290,79]
